1
6
8
9
10
18
19
24
25
30
34
35
37
39
42
44
45
48
50
51
54
55
56
57
58
59
60
64
75
79
84
85
88
89
90
94
100
105
108
112
115
116
121
122
124
126
138
143
144
145
150
151
152
153
154
157
162
163
166
167
169
170
177
181
188
189
199
206
208
209
211
216
222
224
225
226
227
230
232
234
238
241
243
246
247
248
252
253
254
261
262
267
271
273
275
287
288
290
291
292
298
299
301
302
304
305
307
308
309
310
312
314
316
321
322
326
327
328
331
337
338
356
357
364
365
370
371
377
378
382
383
384
386
387
388
389
391
400
402
406
408
412
416
418
420
421
422
424
426
428
434
435
436
437
447
448
454
457
458
459
460
462
463
464
466
468
469
470
472
473
476
479
482
483
486
487
488
489
491
492
493
495
496
500
501
502
503
504
506
508
509
513
514
515
516
518
521
525
526
527
528