0
3
4
9
11
12
14
15
16
17
18
19
20
22
23
25
27
28
29
31
32
33
34
35
36
37
38
39
40
41
42
44
47
48
49
50
51
52
54
55
56
57
59
60
61
62
63
65
66
67
68
71
72
73
74
75
76
77
78
82
83
84
85
86
87
90
92
93
94
95
96
99
100
102
103
104
105
106
107
108
110
111
112
113
114
115
116
118
119
120
121
123
124
126
127
128
129
130
131
132
133
134
135
136
137
138
139
141
142
143
144
145
146
147
148
149
150
152
153
154
157
158
159
160
161
162
163
164
165
166
167
168
169
170
173
174
175
179
180
181
182
183
184
186
187
188
189
190
191
192
193
194
195
196
197
198
199
200
201
203
204
205
209
210
216
217
218
219