0
2
3
4
5
6
7
8
9
10
13
14
15
17
18
19
20
21
22
23
25
26
27
28
30
31
32
34
35
36
38
39
40
41
42
43
44
45
46
48
50
51
52
53
55
56
57
58
61
62
63
64
67
68
69
70
71
72
73
75
76
77
78
80
81
82
83
84
85
86
87
88
89
90
91
92
93
94
95
96
97
98
101
103
104
105
106
107
108
110
111
112
113
114
116
117
118
119
122
123
124
125
126
127
128
129
130
131
133
134
135
136
138
139
141
142
143
144
145
146
147
149
151
153
154
155
156
157
158
159
160
161
162
163
164
165
166
167
168
169
170
172
173
175
176
177
178
180
182
183
184
185
187
188
190
191
193
194
196
197
199
200
201
202
203
204
205
206
208
209
211
212
213
215
216
217
218
220
221
222
223
224
226
227
228
229
230
231
233
234
236
237
239
240
241
242
243
244
245
246
247
248
249
250
251
252
253
254
255
256
257
258
260
261
263
264
265
266
267
269
270
271
272
273
274
275
276
277
279
280
282
284
286
287
288
290
291
292
293
294
295
296
298
299
301
302
303
304
305
306
307
308
309
310
311
313
314
316
317
319
320
322
323
325
326
328
329
330
331
333
334
336
337
339
340
341
342
344
345
346
347
348
349
350
351
352
353
354
355
357
358
359
360
362
363
365
366
367
368
370
371
373
374
375
377
378
379
380
381
382
383
384
385
386
387
388
389
391
392
393
394
396
397
398
399
400
402
403
405
406
408
409
411
412
414
415
416
417
418
419
420
421
422
423
424
425
426
429
430
431
433
434
436
437
438
439
440
441
442
443
444
446
447
448
450
451
453
454
455
457
458
459
460
463
464
465
467
468
469
470
472
473
474
476
477
479
481
482
484
485
486
488
489
491
492
494
496
497
498
501
502
503
504
506
507
508
509
510
511
513
514
515
517
518
520
521
522
524
525
526
527
528
529
531
532
533
535
536
537
540
541
542
543
545
546
548
549
550
552
553
554
555
556
557
558
559
560
562
563
564
565
566
567
568
569
570
572
573
574
575
576
577
578
579
580
582
583
585
586
587
588
589
590
592
593
595
596
598
599
601
602
604
605
607
608
610
611
612
613
615
616
618
619
620
621
623
624
626
627
628
630
631
632
634
635
636
637
638
639
640
641
643
644
646
647